11111111111111111111
1P000000000000000001
10000000000000000001
10001111100001111101
10001000100001000001
10000B00100001000001
10000000100000000001
11111111101111111001
10000000000000001001
10001111111111101001
10001000000000001001
10001000000000001001
10001000000000001001
100000000000000010G1
10000001111111111111
10000000000000000001
10000000000000000001
10000000000000000001
10000000000000000001
11111111111111111111


11111111111111111111
1P000000000000000001
10011110001111100001
10010010000000100001
10010B10001000100001
10000000001000100001
11111111101000111111
10000000000000001001
10000000000000000001
1000111111111B101001
10001000000000001G01
10001000000000001001
10000000000000001001
10000001111111111011
10000000000000000001
10000000000000000001
10000000000000000001
1000G000000000000001
10000000000000000001
11111111111111111111


11111111111111111111
1P000000000000000001
11111111011111100001
10000000000000100001
10000B00000000100001
10000000000000100001
11111111100000111111
10000000000000001001
1000111111111B101001
10001000000000001001
10001000000000000001
10001111111000000001
100000000000000010G1
10000001111111111001
100B0000000000000001
10000000000000000001
11111111111100000001
100000000000000000G1
100G0000000000000001
11111111111111111111


11111111111111111111
1P000000000000000001
10001111111111111001
10001000000000001G01
100010B0000110000001
100011000B0010000001
11111000001110011111
10000000001000001001
10000000000000001001
1000100000000B111001
10001000000000000001
10001111111111111111
10000000000000000001
10000000000000000001
10000111111100000001
1000000000G100000001
11111111111111111001
100000000000000000G1
10000000000000000001
11111111111111111111


11111111111111111111
1P000000000000000001
10000000000001111101
10001111100001000001
100000B0100001000001
10000000100000000001
11111111101111111001
10000000000000001001
10001111111111101001
10001000000000001001
1000100000000B001001
10001000000000001001
100000000000000010G1
10000001111111111111
10G00000000000000001
11111111111111110001
10000000000000000001
10B01111111111111111
10000000000000000G01
11111111111111111111